System{                                                                                             
  Mixture{                                                                                          
    nMonomer  2
    monomers  0   A   1.0                                                                           
              1   B   1.0                                                                           
    nPolymer  1                                                                                     
    Polymer{
 bStructCount 2
 brushStruct 177 88                                                                                        
 nBlock         265
 nVertex         266
 blocks
    0    0    0    1     0.002500
    1    0    1    2     0.002500
    2    0    2    3     0.002500
    3    0    3    4     0.002500
    4    0    4    5     0.002500
    5    0    5    6     0.002500
    6    0    6    7     0.002500
    7    0    7    8     0.002500
    8    0    8    9     0.002500
    9    0    9   10     0.002500
   10    0   10   11     0.002500
   11    0   11   12     0.002500
   12    0   12   13     0.002500
   13    0   13   14     0.002500
   14    0   14   15     0.002500
   15    0   15   16     0.002500
   16    0   16   17     0.002500
   17    0   17   18     0.002500
   18    0   18   19     0.002500
   19    0   19   20     0.002500
   20    0   20   21     0.002500
   21    0   21   22     0.002500
   22    0   22   23     0.002500
   23    0   23   24     0.002500
   24    0   24   25     0.002500
   25    0   25   26     0.002500
   26    0   26   27     0.002500
   27    0   27   28     0.002500
   28    0   28   29     0.002500
   29    0   29   30     0.002500
   30    0   30   31     0.002500
   31    0   31   32     0.002500
   32    0   32   33     0.002500
   33    0   33   34     0.002500
   34    0   34   35     0.002500
   35    0   35   36     0.002500
   36    0   36   37     0.002500
   37    0   37   38     0.002500
   38    0   38   39     0.002500
   39    0   39   40     0.002500
   40    0   40   41     0.002500
   41    0   41   42     0.002500
   42    0   42   43     0.002500
   43    0   43   44     0.002500
   44    0   44   45     0.002500
   45    0   45   46     0.002500
   46    0   46   47     0.002500
   47    0   47   48     0.002500
   48    0   48   49     0.002500
   49    0   49   50     0.002500
   50    0   50   51     0.002500
   51    0   51   52     0.002500
   52    0   52   53     0.002500
   53    0   53   54     0.002500
   54    0   54   55     0.002500
   55    0   55   56     0.002500
   56    0   56   57     0.002500
   57    0   57   58     0.002500
   58    0   58   59     0.002500
   59    0   59   60     0.002500
   60    0   60   61     0.002500
   61    0   61   62     0.002500
   62    0   62   63     0.002500
   63    0   63   64     0.002500
   64    0   64   65     0.002500
   65    0   65   66     0.002500
   66    0   66   67     0.002500
   67    0   67   68     0.002500
   68    0   68   69     0.002500
   69    0   69   70     0.002500
   70    0   70   71     0.002500
   71    0   71   72     0.002500
   72    0   72   73     0.002500
   73    0   73   74     0.002500
   74    0   74   75     0.002500
   75    0   75   76     0.002500
   76    0   76   77     0.002500
   77    0   77   78     0.002500
   78    0   78   79     0.002500
   79    0   79   80     0.002500
   80    0   80   81     0.002500
   81    0   81   82     0.002500
   82    0   82   83     0.002500
   83    0   83   84     0.002500
   84    0   84   85     0.002500
   85    0   85   86     0.002500
   86    0   86   87     0.002500
   87    0   87   88     0.002500
   88    0   88   89     0.002500
   89    0   89   90     0.002500
   90    0   90   91     0.002500
   91    0   91   92     0.002500
   92    0   92   93     0.002500
   93    0   93   94     0.002500
   94    0   94   95     0.002500
   95    0   95   96     0.002500
   96    0   96   97     0.002500
   97    0   97   98     0.002500
   98    0   98   99     0.002500
   99    0   99  100     0.002500
  100    0  100  101     0.002500
  101    0  101  102     0.002500
  102    0  102  103     0.002500
  103    0  103  104     0.002500
  104    0  104  105     0.002500
  105    0  105  106     0.002500
  106    0  106  107     0.002500
  107    0  107  108     0.002500
  108    0  108  109     0.002500
  109    0  109  110     0.002500
  110    0  110  111     0.002500
  111    0  111  112     0.002500
  112    0  112  113     0.002500
  113    0  113  114     0.002500
  114    0  114  115     0.002500
  115    0  115  116     0.002500
  116    0  116  117     0.002500
  117    0  117  118     0.002500
  118    0  118  119     0.002500
  119    0  119  120     0.002500
  120    0  120  121     0.002500
  121    0  121  122     0.002500
  122    0  122  123     0.002500
  123    0  123  124     0.002500
  124    0  124  125     0.002500
  125    0  125  126     0.002500
  126    0  126  127     0.002500
  127    0  127  128     0.002500
  128    0  128  129     0.002500
  129    0  129  130     0.002500
  130    0  130  131     0.002500
  131    0  131  132     0.002500
  132    0  132  133     0.002500
  133    0  133  134     0.002500
  134    0  134  135     0.002500
  135    0  135  136     0.002500
  136    0  136  137     0.002500
  137    0  137  138     0.002500
  138    0  138  139     0.002500
  139    0  139  140     0.002500
  140    0  140  141     0.002500
  141    0  141  142     0.002500
  142    0  142  143     0.002500
  143    0  143  144     0.002500
  144    0  144  145     0.002500
  145    0  145  146     0.002500
  146    0  146  147     0.002500
  147    0  147  148     0.002500
  148    0  148  149     0.002500
  149    0  149  150     0.002500
  150    0  150  151     0.002500
  151    0  151  152     0.002500
  152    0  152  153     0.002500
  153    0  153  154     0.002500
  154    0  154  155     0.002500
  155    0  155  156     0.002500
  156    0  156  157     0.002500
  157    0  157  158     0.002500
  158    0  158  159     0.002500
  159    0  159  160     0.002500
  160    0  160  161     0.002500
  161    0  161  162     0.002500
  162    0  162  163     0.002500
  163    0  163  164     0.002500
  164    0  164  165     0.002500
  165    0  165  166     0.002500
  166    0  166  167     0.002500
  167    0  167  168     0.002500
  168    0  168  169     0.002500
  169    0  169  170     0.002500
  170    0  170  171     0.002500
  171    0  171  172     0.002500
  172    0  172  173     0.002500
  173    0  173  174     0.002500
  174    0  174  175     0.002500
  175    0  175  176     0.002500
  176    1  176  177     1.904000
  177    0  178    1     0.012000
  178    0  179    3     0.012000
  179    0  180    5     0.012000
  180    0  181    7     0.012000
  181    0  182    9     0.012000
  182    0  183   11     0.012000
  183    0  184   13     0.012000
  184    0  185   15     0.012000
  185    0  186   17     0.012000
  186    0  187   19     0.012000
  187    0  188   21     0.012000
  188    0  189   23     0.012000
  189    0  190   25     0.012000
  190    0  191   27     0.012000
  191    0  192   29     0.012000
  192    0  193   31     0.012000
  193    0  194   33     0.012000
  194    0  195   35     0.012000
  195    0  196   37     0.012000
  196    0  197   39     0.012000
  197    0  198   41     0.012000
  198    0  199   43     0.012000
  199    0  200   45     0.012000
  200    0  201   47     0.012000
  201    0  202   49     0.012000
  202    0  203   51     0.012000
  203    0  204   53     0.012000
  204    0  205   55     0.012000
  205    0  206   57     0.012000
  206    0  207   59     0.012000
  207    0  208   61     0.012000
  208    0  209   63     0.012000
  209    0  210   65     0.012000
  210    0  211   67     0.012000
  211    0  212   69     0.012000
  212    0  213   71     0.012000
  213    0  214   73     0.012000
  214    0  215   75     0.012000
  215    0  216   77     0.012000
  216    0  217   79     0.012000
  217    0  218   81     0.012000
  218    0  219   83     0.012000
  219    0  220   85     0.012000
  220    0  221   87     0.012000
  221    0  222   89     0.012000
  222    0  223   91     0.012000
  223    0  224   93     0.012000
  224    0  225   95     0.012000
  225    0  226   97     0.012000
  226    0  227   99     0.012000
  227    0  228  101     0.012000
  228    0  229  103     0.012000
  229    0  230  105     0.012000
  230    0  231  107     0.012000
  231    0  232  109     0.012000
  232    0  233  111     0.012000
  233    0  234  113     0.012000
  234    0  235  115     0.012000
  235    0  236  117     0.012000
  236    0  237  119     0.012000
  237    0  238  121     0.012000
  238    0  239  123     0.012000
  239    0  240  125     0.012000
  240    0  241  127     0.012000
  241    0  242  129     0.012000
  242    0  243  131     0.012000
  243    0  244  133     0.012000
  244    0  245  135     0.012000
  245    0  246  137     0.012000
  246    0  247  139     0.012000
  247    0  248  141     0.012000
  248    0  249  143     0.012000
  249    0  250  145     0.012000
  250    0  251  147     0.012000
  251    0  252  149     0.012000
  252    0  253  151     0.012000
  253    0  254  153     0.012000
  254    0  255  155     0.012000
  255    0  256  157     0.012000
  256    0  257  159     0.012000
  257    0  258  161     0.012000
  258    0  259  163     0.012000
  259    0  260  165     0.012000
  260    0  261  167     0.012000
  261    0  262  169     0.012000
  262    0  263  171     0.012000
  263    0  264  173     0.012000
  264    0  265  175     0.012000
      phi     1.0                                                                                   
    }                                                                                               
    ds   0.0040                                                                                      
  }                                                                                                 
  ChiInteraction{                                                                                   
    chi  0   0   0.0                                                                                
         1   0   12.0                                                                               
         1   1   0.0                                                                                
    athermal 0
  }                                                                                                 
  unitCell  lamellar  4.09                                                                          
  mesh              32                                                                              
  groupName         P_-1                                                                            
  AmIterator{                                                                                       
    maxItr   500                                                                                   
    epsilon  1e-5                                                                                   
    maxHist  30                                                                                     
    isFlexible   1                                                                                  
  }                                                                                                 
}                                                                                                   
