System{
  Mixture{
    nMonomer  3
    monomers  0   A   1.0  
              1   B   1.0 
              2   C   1.0
    nPolymer  1
    Polymer{
      bStructCount 3
      brushStruct 20 10 11
      nBlock  41
      nVertex 42
      blocks  0  0  0  1  0.05
              1  0  1  2  0.05
              2  0  2  3  0.05
              3  0  3  4  0.05
              4  0  4  5  0.05
              5  0  5  6  0.05
              6  0  6  7  0.05
              7  0  7  8  0.05
              8  0  8  9  0.05
              9  0  9  10  0.05
              10  0  10  11  0.05
              11  0  11  12  0.05
              12  0  12  13  0.05
              13  0  13  14  0.05
              14  0  14  15  0.05
              15  0  15  16  0.05
              16  0  16  17  0.05
              17  0  17  18  0.05
              18  0  18  19  0.05
              19  0  19  20  0.05
              20  1  21 0  1.00
              21  1  22 1  1.00
              22  1  23 2  1.00
              23  1  24 3  1.00
              24  1  25 4  1.00
              25  1  26 5  1.00
              26  1  27 6  1.00
              27  1  28 7  1.00
              28  1  29 8  1.00
              29  1  30 9  1.00
              30  2  31 10  1.00
              31  2  32 11  1.00
              32  2  33 12  1.00
              33  2  34 13  1.00
              34  2  35 14  1.00
              35  2  36 15  1.00
              36  2  37 16  1.00
              37  2  38 17  1.00
              38  2  39 18  1.00
              39  2  40 19  1.00
              40  2  41 20  1.00

      phi     1.0
    }
    ds   0.02
  }
  ChiInteraction{
    chi  0   0   0.0
         1   0   0.0
         1   1   0.0
         2   0   0.0
         2   1   20.0
         2   2   0.0
    athermal 1
  }
  unitCell  Lamellar  4.5
  mesh              32
  groupName         P_-1
  AmIterator{
    maxItr   400
    epsilon  1e-7
    maxHist  50
    isFlexible   0
  }
}
