format  1   0
dim
          1
crystal_system
              lamellar
N_cell_param
              1
cell_param    
      2.9182593537e+00
group_name
          P_-1
N_monomer
          2
ngrid
                   32
  1.372599857677708e+00  1.298612444218405e+01
  1.576540915556866e+00  1.309583430607775e+01
  2.024369638964580e+00  1.323689967883556e+01
  2.553485747325940e+00  1.309076158338873e+01
  2.919354642357621e+00  1.189454647729312e+01
  2.619030045778640e+00  7.645730051864230e+00
  3.420873650825214e+00  9.089363855191364e-01
  9.173398443591118e+00  1.755071042324152e-01
  1.301048749244667e+01  1.698728705389509e+00
  1.393201006593889e+01  2.095430112858147e+00
  1.404293807581454e+01  2.084376489632966e+00
  1.398889963084164e+01  2.001298481310437e+00
  1.388073187231592e+01  1.884124591218335e+00 
  1.378683632022194e+01  1.788433677737647e+00 
  1.369290863222777e+01  1.693519675923558e+00 
  1.364387193756976e+01  1.644609406897829e+00 
  1.361592604245199e+01  1.616402225137285e+00 
  1.364387193756976e+01  1.644609406897830e+00 
  1.369290863222777e+01  1.693519675923558e+00 
  1.378683632022194e+01  1.788433677737648e+00 
  1.388073187231592e+01  1.884124591218335e+00 
  1.398889963084164e+01  2.001298481310437e+00 
  1.404293807581454e+01  2.084376489632965e+00 
  1.393201006593889e+01  2.095430112858147e+00 
  1.301048749244667e+01  1.698728705389509e+00 
  9.173398443591120e+00  1.755071042324157e-01 
  3.420873650825214e+00  9.089363855191359e-01 
  2.619030045778640e+00  7.645730051864231e+00 
  2.919354642357621e+00  1.189454647729312e+01 
  2.553485747325940e+00  1.309076158338873e+01 
  2.024369638964579e+00  1.323689967883556e+01 
  1.576540915556865e+00  1.309583430607776e+01 
